1
14
36
38
39
45
51
52
66
72
73
80
82
84
85
95
97
99
100
102
105
108
110
112
113
114
115
119
120
121
122
123
124
125
127
136
144
145
147
153
160
161
163
168
169
171
173
177
179
183
186
188
191
203
205
206
213
216
219
220
224
229
231
233
241
243
246
247
251
255
256
257
261
264
267
268
269_1
269_2
270_1
270_2
271
272_1
272_2
289
290
291
294
296
300
302
303
306
308
310
323
328
329
332
333
334
335
338
341
345
349
351
353
358
359
360
361
364
366
370
375
384
389
390
393
403
414
415
419
421
424
434
435
438
440
445
446
450
453
460
461
463
464
467
471
473
476
478
482
483
489
490
491
492
493
494
503
504
505_1
505_2
506_1
506_2
507_1
507_2
510
519
520
523
528
532
551
559
563
565
566
569
572
596
601
603
604
607
609
614
616
619
620
626
628
629
630
632
633
634
635
640
641
642
644
645
650
651
654
655
658
660
661
662
667
668
669
671
672
675
678
680
682
684
685
687
694
695
697
698
699
700
701
703
704
705
707
713
717
722
726
737
738
740
742
744
750
752
763
774
777
782
790
807
808
809
810
812
814
819
821
822
829
836
837
843
845
846
847
848
853
858
859
862
866
871
872
874
877
880
881
882
883
884
885
891
892
893
899
901
902
904
905
912
913
919
920
924
925
928
930
933
937
938
953
955_1
955_2
956_1
956_2
958
964
968
970
976
977
984
987
991
993
994
996
998
1005
1006
1017
1037
1043
1053
1060
1064
1065
1075
1079
1082
1087
1090
1099
1102
1103
1104
1115
1116
1117
1118
1119
1120
1122
1126
1130
1134
1136
1140
1141
1143
1144
1146
1147
1150
1159
1160
1161
1165
1169
1170
1173
1176
1179
1185
1186
1188
1192
1199
1200
1201
1205
1207
1208
1209
1211
1213
1220
1221
1222
1223
1224
1225
1226
1228
1230
1233
1239
1244
1251
1254
1255
1256
1257
1259
1261
1264
1267
1268
1276
1280
1281
1284
1289
1290
1291
1292
1296
1300
1302
1310
1312
1313
1318
1319
1322
1323
1324
1325
1327
1330
1332
1334
1340
1344
1350
1351
1355
1358
1364
1367
1381
1383
1384
1388
1391
1396
1397
1403
1404
1405
1406
1412
1413
1414
1419
1427
1428
1429
1430
1431
1435
1437
1439
1444
1445_1
1445_2
1447
1456
1462
1466
1469
1472
1473
1475
1480
1485
1486
1489
1492
1493
1494
1497
1500
1501
1507
1508
1509
1513
1519
1520
1521
1522
1523
1524
1525
1527
1531
1537
1538
1539
1540
1543
1544
1553
1556
1564
1568
1572
1574
1575
1577
1582
1585
1586
1592
1594
1600
1606
1608_1
1608_2
1609_1
1609_2
1612
1620
1622
1633
1635
1648
1649
1652
1653
1656
1657
1662
1663
1668
1669
1670
1672
1673
1674
1677
1679
1682
1685
1686
1687
1690
1717
1721
1730
1744
1750
1758
1761
1763
1779
1780
1792
1795
1798
1801
1806
1809
1811
1812
1813
1814
1815
1816
1818
1830
1833
1838
1839
1841
1845
1855
1856
1857
1861
1863
1865
1871
1873
1879_1
1879_2
1882
1884
1889
1892
1893
1899
1902
1904
1905
1907
1908
1913
1914
1923
1925
1927
1928
1929
1931
1946
1961
1967
1968
1969
1970
1976
1978
1980
1988
1991
1992
1999
2000
2001
2007
2015
2025
2031
2038
2043
2047
2048
2054
2056
2059
2060
2067
2068
2075
2081
2082
2085
2089
2095
2096
2098
2101
2103
2108
2109
2112
2114
2120
2121
2122
2127
2140
2141
2144
2146
2149
2152
2153
2155
2158
2160
2161_1
2161_2
2162_1
2162_2
2163
2172
2174
2176
2187
2188
2194
2196
2199
2204
2209
2210
2211
2212
2213
2214
2220
2224
2229
2236
2237
2240
2248
2252
2253
2257
2261
2262
2266
2270
2297
2301
2310
2313
2314
2315
2322
2325
2330
2332
2333
2351
2353
2358
2362
2363
2367
2374
2379
2382
2384
2386
2389
2396
2400
2402
2405
2411
2414
2419
2420
2422
2423
2425
2432
2434
2435
2436
2441
2443
2444
2446
2449
2451
2454
2457
2458
2463
2464
2470
2473
2475
2476
2482
2486
2487
2489
2490
2493
2495
2496
2501
2502
2508
2512
2513
2514
2515
2516
2518
2522
2523
2532
2533
2536
2541
2554
2555
2559
2565
2573
2581
2583
2584
2585
2586
2588
2590
2595
2599
2601
2605
2609
2613
2615
2619
2620
2624
2627
2628
2630
2631
2632
2635
2640
2643
2644
2645
2656
2657
2659
2661
2663
2665
2669
2673
2675
2677
2678
2684_1
2684_2
2685
2686_1
2686_2
2687
2689
2691
2699
2700
2701
2705
2716
2717
2718
2719
2725
2728
2729
2730
2735
2736
2738
2745
2746
2749
2750
2753
2776
2779
2780
2792
2794
2798
2799
2800
2801
2802
2808
2814
2823
2824
2844
2845
2846
2848
2851
2863_1
2863_2
2864
2865
2866
2879
2881
2887
2893
2894
2897
2899
2903
2906
2910
2918
2921
2924
2925
2926
2931
2942
2943
2946
2948
2949
2950
2951
2953
2955
2956
2960
2961
2974
2983
2998
3008
3011
3014
3017
3020
3021
3039
3040
3043
3047
3055
3057
3065
3067
3074
3078
3079
3081
3083
3085
3090
3097
3098
3117
3129
3132
3134
3137
3141
3143
3151
3156
3163
3170
3180
3183
3184
3188
3189
3192
3194
3195
3199
3200
3206
3207
3210
3211_1
3211_2
3216
3219
3222_1
3222_2
3227
3234
3236
3239
3243
3253
3255
3256
3260
3262_1
3262_2
3263
3267
3274
3279
3283
3288
3289
3294
3297
3305
3306
3307
3320
3321
3325
3329
3338
3345
3348
3360
3367
3368
3371
3377
3378
3379
3386
3395
3413
3432
3440
3441
3464
3479
3495
3497
3498
3500
3502
3507
3508
3512
3515
3516
3521
3530
3531
3537
3539
3540
3543
3551
3553
3554
3558
3560
3561
3562
3564
3567
3578
3579
3583
3588
3590
3593
3594
3596
3597
3599
3603
3610
3611
3612
3615
3620
3631
3639
3646
3652
3657
3658
3663
3667
3672
3680
3681
3682
3684
3687
3693
3703
3705
3711
3712
3716
3724
3726
3727
3731
3733
3734
3738
3739
3744
3745
3748
3750
3755
3757
3759
3775
3778
3798
3808
3811
3814
3817
3818
3821
3822
3823
3824
3825
3827
3828
3829
3830
3832
3835
3837
3838
3839
3841
3846
3849
3852
3856
3862
3863
3865
3866
3867
3875
3880
3881
3886
3888
3892
3909
3914
3932
3946
3947
3956
3958
3964_1
3964_2
3966
3967_1
3967_2
3974
3975
3976
3979
3981
3983
3985
3996
3999
4006
4007
4015
4018
4021
4022
4025
4037
4044
4045
4047
4053
4057
4058
4068
4073
4074
4076
4078
4080
4084
4086
4087
4088
4103
4104
4106
4108
4110
4116
4135
4148
4149
4150
4159
4160
4163
4167
4168
4169
4175
4176
4179
4181
4186
4190
4193
4195
4196
4203
4206
4209
4210
4211
4217
4221
4222
4223
4224
4225
4227
4230
4231
4232
4235
4237
4240
4242
4243
4253
4254
4258
4262
4269
4270
4272
4273
4277
4286
4300
4314
4317
4327
4336
4340
4344
4345
4351
4362
4363
4409
4411
4414
4416
4421
4424
4425
4427
4428
4429
4438
4454
4478
4479
4481
4494
4501
4513
4517
4518
4523
4528
4531
4545
4546
4555
4566
4578
4584
4585
4586
4587
4588
4593
4595
4596
4607
4611
4617
4620
4622
4624
4626
4643
4647
4649
4650
4654
4656
4657
4658
4664
4665
4675
4687
4688
4704
4707
4725
4734
4770
4774
4781
4784
4790
4810
4811
4812
4813
4817
4818
4819
4820
4823
4825
4826
4828
4841
4844
4846
4859
4875
4878
4879
4884
4886_1
4886_2
4887
4888_1
4888_2
4889
4890
4891
4899
4902
4907
4912
4913
4917
4920
4929
4935
4937
4939
4940
4946
4947
4948
4950
4963
5649_1
5649_2
6752_1
6752_2
